7 7
6.35385704180332 0.560326028726039 0.938582936108048 0.818528409272848 1.25064214687218 0.482930074525359 0.466494644129976
0.560326028726039 0.921658569695887 0.520275503897433 0.582348567578861 0.556735518874049 0.0213281972081546 0.623461015982016
0.938582936108048 0.520275503897433 1.60091927272187 0.690533703222878 0.96561740167866 0.301982356898796 0.424148608286378
0.818528409272848 0.582348567578861 0.690533703222878 1.09729641294461 0.814335902508703 0.370785894841381 0.545868879677209
1.25064214687218 0.556735518874049 0.96561740167866 0.814335902508703 1.43158574007676 0.461616101530268 0.455370898122615
0.482930074525359 0.0213281972081546 0.301982356898796 0.370785894841381 0.461616101530268 1.70848895801462 0.00564009636436624
0.466494644129976 0.623461015982016 0.424148608286378 0.545868879677209 0.455370898122615 0.00564009636436624 0.760669799596967
